0	type1
               bri          car          fra         perm          por
count  2942.000000  2942.000000  2942.000000  2942.000000  2942.000000
mean      0.484587    55.828157     3.177092    31.887277     7.932242
std       0.106794    16.736182     1.001191    34.575496     2.016168
min       0.182268    17.156991     1.334117     0.889814     3.257053
25%       0.425690    47.818695     2.373807     4.766407     6.666623
50%       0.479328    51.641053     3.212566    13.458857     7.599442
75%       0.564834    62.149414     4.116902    53.616751     9.054460
max       0.663226   107.453461     4.631469   120.461554    14.085666
1	type2
               bri          car          fra         perm          por
count  5440.000000  5440.000000  5440.000000  5440.000000  5440.000000
mean      0.211212    22.711230     2.042988     3.288378     5.681782
std       0.149065    11.404669     1.348843     4.536958     1.958298
min       0.025788     3.921897    -1.978651    -0.371732     0.843027
25%       0.088151    12.145628     1.167663     1.274901     4.138352
50%       0.163239    19.807739     1.920514     1.686809     5.762399
75%       0.306978    30.935052     2.994617     4.165804     7.236293
max       0.659984    49.589072     4.560780    55.163502    11.844854
2	type3
               bri          car          fra         perm          por
count  4336.000000  4336.000000  4336.000000  4336.000000  4336.000000
mean      0.074366     2.439352     0.130899     1.340209     3.162453
std       0.110009     3.070647     1.489995     2.047197     2.778711
min      -0.166828    -2.704355    -2.383879    -1.261534    -1.096879
25%       0.026706     0.257186    -1.568814     0.534049     1.213533
50%       0.058811     1.816268     0.773418     0.973661     2.235114
75%       0.129748     4.145047     1.264407     1.287620     4.537259
max       0.547545    10.889895     3.430158    15.000561     9.502075
3	type4
               bri          car          fra         perm          por
count  4553.000000  4553.000000  4553.000000  4553.000000  4553.000000
mean     -0.131257    -1.569293    -1.927423    -1.575817    -1.730165
std       0.107846     0.960712     0.947526     0.764544     1.263273
min      -0.277498    -4.459902    -3.095467    -2.929238    -3.707664
25%      -0.208090    -1.673617    -2.469305    -2.234917    -2.761361
50%      -0.158944    -1.049156    -2.235268    -1.665989    -1.849904
75%      -0.094099    -1.000000    -1.854556    -1.058569    -1.064301
max       0.393034    -0.313451     1.738144     1.273001     4.178836