0	type1
               bri          car          fra         perm          por
count  2752.000000  2752.000000  2752.000000  2752.000000  2752.000000
mean      0.507069    54.866695     3.355272    31.357427     8.338279
std       0.089229    17.363361     1.024528    34.782103     1.751814
min       0.266673     9.824855     0.889476     0.973915     4.422452
25%       0.440874    44.490874     2.486878     4.838882     7.214145
50%       0.493759    51.140775     3.446331    10.856764     7.751702
75%       0.581408    61.478712     4.354448    51.218847     9.118297
max       0.663226   107.453461     4.631469   120.461554    14.085666
1	type2
               bri          car          fra         perm          por
count  5352.000000  5352.000000  5352.000000  5352.000000  5352.000000
mean      0.240856    23.042860     2.251448     5.113578     6.225800
std       0.130346    16.059397     0.982543     9.906396     1.884823
min       0.055265    -2.898486     0.385564    -0.281094     0.907188
25%       0.141148    12.000000     1.507512     1.472473     4.944036
50%       0.196385    20.779950     2.136620     2.156450     6.218850
75%       0.332557    33.304507     2.982379     4.765788     7.800045
max       0.650563    75.458222     4.498984    98.150085    10.177030
2	type3
               bri          car          fra         perm          por
count  5844.000000  5844.000000  5844.000000  5844.000000  5844.000000
mean      0.039011     3.756575    -0.205733     0.495373     1.939844
std       0.078601     5.212286     1.359501     0.879601     2.019747
min      -0.146386    -3.235556    -2.650473    -1.720252    -1.863593
25%       0.010041    -1.047964    -1.617685    -0.087737     0.486359
50%       0.049220     1.911239     0.206178     0.831960     1.764840
75%       0.072554     8.603795     0.956796     1.110880     3.169106
max       0.375523    22.192623     2.764668     2.627410     7.673796
3	type4
               bri          car          fra         perm          por
count  3323.000000  3323.000000  3323.000000  3323.000000  3323.000000
mean     -0.184476    -1.518022    -2.355786    -1.872066    -2.264027
std       0.045224     1.131582     0.296464     0.589748     0.809355
min      -0.277498    -4.459902    -3.095467    -2.929238    -3.707664
25%      -0.223053    -1.191881    -2.527915    -2.364621    -2.921140
50%      -0.186069    -1.000000    -2.338033    -1.960191    -2.398292
75%      -0.151947    -1.000000    -2.154856    -1.511528    -1.635758
max      -0.026092     1.139456    -1.647197    -0.229743     0.077307